0  0.1  0.2  0.3  0.4  0.5  0.6  0.7  0.8  0.9  1.0  1.25  1.5  1.75  2.0  2.25  2.5  2.75  3.0  3.25  3.5  3.75  4.0  4.25  4.5  4.75  5.0  5.5  6.0  6.5  7.0 
1.2  4.624E+05  2.936E+05  1.368E+05  4.679E+04  1.600E+04  8.664E+03  4.691E+03  2.789E+03  1.821E+03  1.189E+03  6.215E+02  3.249E+02  2.207E+02  1.499E+02  8.917E+01  5.304E+01  2.903E+01  1.589E+01  7.959E+00  3.986E+00  1.997E+00  0.000E+00  0.000E+00  0.000E+00  0.000E+00  0.000E+00  0.000E+00  0.000E+00  0.000E+00  0.000E+00
1.3  4.264E+07  2.205E+07  9.276E+06  3.176E+06  1.087E+06  6.005E+05  3.317E+05  2.052E+05  1.423E+05  9.861E+04  5.528E+04  3.099E+04  2.028E+04  1.328E+04  8.848E+03  5.897E+03  3.140E+03  1.672E+03  5.211E+02  1.624E+02  5.067E+01  1.581E+01  3.976E+00  0.000E+00  0.000E+00  0.000E+00  0.000E+00  0.000E+00  0.000E+00  0.000E+00
1.4  1.028E+08  5.091E+07  2.233E+07  8.674E+06  3.369E+06  2.260E+06  1.516E+06  1.072E+06  7.993E+05  5.960E+05  3.604E+05  2.179E+05  1.433E+05  9.423E+04  6.430E+04  4.388E+04  1.809E+04  7.458E+03  2.212E+03  6.562E+02  1.947E+02  5.774E+01  1.589E+01  4.376E+00  1.205E+00  0.000E+00  0.000E+00  0.000E+00  0.000E+00  0.000E+00
1.5  1.700E+08  8.416E+07  3.681E+07  1.423E+07  5.498E+06  3.558E+06  2.302E+06  1.588E+06  1.169E+06  8.601E+05  5.567E+05  3.603E+05  2.475E+05  1.700E+05  1.165E+05  7.986E+04  2.963E+04  1.099E+04  3.148E+03  9.017E+02  2.583E+02  7.398E+01  2.158E+01  6.293E+00  1.835E+00  0.000E+00  0.000E+00  0.000E+00  0.000E+00  0.000E+00
1.6  2.350E+08  1.144E+08  4.987E+07  1.945E+07  7.584E+06  4.170E+06  2.293E+06  1.423E+06  9.978E+05  6.994E+05  4.265E+05  2.600E+05  1.706E+05  1.119E+05  7.137E+04  4.552E+04  1.653E+04  6.002E+03  1.922E+03  6.153E+02  1.968E+02  6.293E+01  1.852E+01  5.449E+00  1.604E+00  0.000E+00  0.000E+00  0.000E+00  0.000E+00  0.000E+00
1.7  2.910E+08  1.421E+08  6.169E+07  2.380E+07  9.181E+06  4.328E+06  2.041E+06  1.124E+06  7.224E+05  4.645E+05  2.745E+05  1.622E+05  9.745E+04  5.856E+04  3.507E+04  2.100E+04  7.533E+03  2.702E+03  9.712E+02  3.491E+02  1.254E+02  4.501E+01  1.258E+01  3.515E+00  0.000E+00  0.000E+00  0.000E+00  0.000E+00  0.000E+00  0.000E+00
1.8  3.098E+08  1.515E+08  6.690E+07  2.665E+07  1.062E+07  4.288E+06  1.732E+06  8.298E+05  4.720E+05  2.685E+05  1.503E+05  8.418E+04  4.215E+04  2.111E+04  1.183E+04  6.633E+03  2.608E+03  1.025E+03  4.053E+02  1.602E+02  6.334E+01  2.504E+01  5.930E+00  1.404E+00  0.000E+00  0.000E+00  0.000E+00  0.000E+00  0.000E+00  0.000E+00
1.9  2.840E+08  1.342E+08  5.931E+07  2.449E+07  1.012E+07  3.669E+06  1.331E+06  5.616E+05  2.757E+05  1.353E+05  6.645E+04  3.263E+04  1.505E+04  6.937E+03  3.591E+03  1.859E+03  7.611E+02  3.117E+02  1.353E+02  5.871E+01  2.545E+01  1.103E+01  3.324E+00  1.002E+00  0.000E+00  0.000E+00  0.000E+00  0.000E+00  0.000E+00  0.000E+00
2.0  2.548E+08  1.131E+08  4.774E+07  1.918E+07  7.704E+06  2.661E+06  9.189E+05  3.668E+05  1.692E+05  7.809E+04  3.245E+04  1.349E+04  6.567E+03  3.198E+03  1.570E+03  7.704E+02  2.897E+02  1.089E+02  4.767E+01  2.086E+01  9.130E+00  3.995E+00  1.749E+00  0.000E+00  0.000E+00  0.000E+00  0.000E+00  0.000E+00  0.000E+00  0.000E+00
2.1  2.276E+08  9.367E+07  3.764E+07  1.477E+07  5.798E+06  1.947E+06  6.537E+05  2.584E+05  1.203E+05  5.601E+04  2.218E+04  8.785E+03  4.195E+03  2.003E+03  9.588E+02  4.589E+02  1.527E+02  5.078E+01  1.825E+01  6.559E+00  3.627E+00  2.005E+00  1.109E+00  0.000E+00  0.000E+00  0.000E+00  0.000E+00  0.000E+00  0.000E+00  0.000E+00
2.2  2.031E+08  7.745E+07  2.961E+07  1.135E+07  4.352E+06  1.420E+06  4.635E+05  1.815E+05  8.524E+04  4.004E+04  1.511E+04  5.700E+03  2.669E+03  1.249E+03  5.829E+02  2.720E+02  7.995E+01  2.350E+01  6.924E+00  2.040E+00  0.000E+00  0.000E+00  0.000E+00  0.000E+00  0.000E+00  0.000E+00  0.000E+00  0.000E+00  0.000E+00  0.000E+00
2.3  1.791E+08  6.497E+07  2.494E+07  1.014E+07  4.119E+06  1.476E+06  5.292E+05  2.162E+05  1.007E+05  4.691E+04  1.881E+04  7.545E+03  3.070E+03  1.249E+03  5.182E+02  2.149E+02  5.743E+01  1.535E+01  4.686E+00  1.431E+00  0.000E+00  0.000E+00  0.000E+00  0.000E+00  0.000E+00  0.000E+00  0.000E+00  0.000E+00  0.000E+00  0.000E+00
2.4  1.577E+08  5.438E+07  2.097E+07  9.037E+06  3.895E+06  1.535E+06  6.051E+05  2.582E+05  1.193E+05  5.514E+04  2.356E+04  1.007E+04  3.564E+03  1.262E+03  4.655E+02  1.717E+02  4.177E+01  1.016E+01  2.473E+00  0.000E+00  0.000E+00  0.000E+00  0.000E+00  0.000E+00  0.000E+00  0.000E+00  0.000E+00  0.000E+00  0.000E+00  0.000E+00
2.5  1.278E+08  4.126E+07  1.588E+07  7.289E+06  3.345E+06  1.563E+06  7.303E+05  3.617E+05  1.900E+05  9.978E+04  6.314E+04  3.995E+04  2.067E+04  1.070E+04  4.794E+03  2.148E+03  8.223E+02  3.148E+02  1.011E+02  3.249E+01  9.528E+00  2.794E+00  0.000E+00  0.000E+00  0.000E+00  0.000E+00  0.000E+00  0.000E+00  0.000E+00  0.000E+00
2.6  1.010E+08  3.019E+07  1.169E+07  5.873E+06  2.949E+06  1.610E+06  8.789E+05  5.078E+05  3.105E+05  1.898E+05  1.307E+05  8.997E+04  5.567E+04  3.444E+04  1.900E+04  1.048E+04  5.117E+03  2.497E+03  1.011E+03  4.095E+02  1.153E+02  3.249E+01  7.853E+00  1.898E+00  0.000E+00  0.000E+00  0.000E+00  0.000E+00  0.000E+00  0.000E+00
2.7  7.479E+07  2.080E+07  8.244E+06  4.656E+06  2.629E+06  1.673E+06  1.065E+06  7.014E+05  4.780E+05  3.257E+05  2.227E+05  1.522E+05  9.953E+04  6.507E+04  3.995E+04  2.453E+04  1.402E+04  8.011E+03  4.205E+03  2.207E+03  1.105E+03  5.532E+02  2.531E+02  1.158E+02  4.892E+01  2.066E+01  3.431E+00  0.000E+00  0.000E+00  0.000E+00
2.8  4.305E+07  1.344E+07  6.027E+06  3.880E+06  2.497E+06  1.798E+06  1.295E+06  9.638E+05  7.412E+05  5.700E+05  3.656E+05  2.345E+05  1.530E+05  9.978E+04  6.314E+04  3.995E+04  2.486E+04  1.547E+04  9.625E+03  5.989E+03  3.414E+03  1.946E+03  1.034E+03  5.498E+02  2.722E+02  1.348E+02  2.895E+01  5.697E+00  0.000E+00  0.000E+00
2.9  2.096E+07  9.892E+06  5.628E+06  3.861E+06  2.649E+06  2.023E+06  1.545E+06  1.230E+06  1.022E+06  8.496E+05  5.643E+05  3.748E+05  2.523E+05  1.698E+05  1.129E+05  7.508E+04  4.976E+04  3.297E+04  2.110E+04  1.350E+04  8.624E+03  5.507E+03  3.322E+03  2.004E+03  1.098E+03  6.012E+02  1.556E+02  3.526E+01  6.740E+00  1.205E+00
3.0  2.197E+07  1.063E+07  6.175E+06  4.301E+06  2.996E+06  2.359E+06  1.857E+06  1.514E+06  1.278E+06  1.079E+06  7.340E+05  4.992E+05  3.311E+05  2.197E+05  1.467E+05  9.800E+04  6.487E+04  4.294E+04  2.779E+04  1.798E+04  1.176E+04  7.687E+03  5.071E+03  3.345E+03  2.239E+03  1.499E+03  6.290E+02  1.998E+02  3.992E+01  3.196E+00
3.1  2.411E+07  1.187E+07  7.006E+06  4.953E+06  3.502E+06  2.791E+06  2.225E+06  1.817E+06  1.520E+06  1.272E+06  8.788E+05  6.074E+05  4.103E+05  2.771E+05  1.847E+05  1.231E+05  8.297E+04  5.595E+04  3.688E+04  2.432E+04  1.601E+04  1.055E+04  6.690E+03  4.243E+03  2.819E+03  1.873E+03  6.290E+02  1.731E+02  3.432E+01  3.991E+00
3.2  2.649E+07  1.327E+07  7.958E+06  5.711E+06  4.098E+06  3.308E+06  2.671E+06  2.184E+06  1.810E+06  1.500E+06  1.054E+06  7.403E+05  5.091E+05  3.501E+05  2.328E+05  1.548E+05  1.064E+05  7.305E+04  4.906E+04  3.295E+04  2.186E+04  1.450E+04  8.839E+03  5.389E+03  3.553E+03  2.342E+03  6.283E+02  1.496E+02  2.943E+01  4.981E+00
3.3  2.887E+07  1.468E+07  8.888E+06  6.404E+06  4.614E+06  3.713E+06  2.988E+06  2.449E+06  2.045E+06  1.708E+06  1.196E+06  8.382E+05  5.797E+05  4.009E+05  2.763E+05  1.905E+05  1.281E+05  8.621E+04  5.758E+04  3.846E+04  2.473E+04  1.591E+04  9.427E+03  5.586E+03  3.337E+03  1.993E+03  4.950E+02  1.094E+02  2.101E+01  3.529E+00
3.4  3.149E+07  1.626E+07  9.936E+06  7.189E+06  5.201E+06  4.172E+06  3.347E+06  2.750E+06  2.314E+06  1.947E+06  1.360E+06  9.500E+05  6.608E+05  4.596E+05  3.284E+05  2.346E+05  1.546E+05  1.019E+05  6.766E+04  4.493E+04  2.801E+04  1.747E+04  1.005E+04  5.787E+03  3.131E+03  1.694E+03  3.892E+02  7.969E+01  1.496E+01  2.492E+00
3.5  3.398E+07  1.744E+07  1.075E+07  7.961E+06  5.895E+06  4.729E+06  3.794E+06  3.100E+06  2.581E+06  2.148E+06  1.501E+06  1.048E+06  7.449E+05  5.292E+05  3.672E+05  2.548E+05  1.749E+05  1.200E+05  7.739E+04  4.992E+04  2.953E+04  1.747E+04  9.432E+03  5.094E+03  2.668E+03  1.397E+03  3.097E+02  5.595E+01  1.048E+01  1.746E+00
3.6  3.692E+07  1.978E+07  1.234E+07  8.950E+06  6.494E+06  5.181E+06  4.134E+06  3.388E+06  2.850E+06  2.398E+06  1.764E+06  1.298E+06  8.748E+05  5.895E+05  4.170E+05  2.949E+05  1.920E+05  1.249E+05  7.897E+04  4.992E+04  2.910E+04  1.696E+04  9.017E+03  4.794E+03  2.398E+03  1.199E+03  2.496E+02  3.993E+01  7.295E+00  1.149E+00
3.7  3.841E+07  2.114E+07  1.337E+07  9.721E+06  7.068E+06  5.619E+06  4.467E+06  3.661E+06  3.093E+06  2.613E+06  1.859E+06  1.323E+06  9.049E+05  6.189E+05  4.392E+05  3.117E+05  1.973E+05  1.249E+05  7.734E+04  4.787E+04  2.715E+04  1.539E+04  8.127E+03  4.291E+03  2.074E+03  1.002E+03  1.962E+02  3.090E+01  4.664E+00  1.072E+00
3.8  3.995E+07  2.256E+07  1.447E+07  1.055E+07  7.687E+06  6.089E+06  4.824E+06  3.954E+06  3.354E+06  2.845E+06  1.959E+06  1.349E+06  9.358E+05  6.494E+05  4.624E+05  3.293E+05  2.028E+05  1.249E+05  7.575E+04  4.593E+04  2.534E+04  1.398E+04  7.332E+03  3.846E+03  1.796E+03  8.387E+02  1.546E+02  2.397E+01  2.995E+00  0.000E+00
3.9  4.189E+07  2.442E+07  1.588E+07  1.153E+07  8.365E+06  6.603E+06  5.212E+06  4.250E+06  3.581E+06  3.017E+06  2.105E+06  1.469E+06  9.912E+05  6.687E+05  4.640E+05  3.220E+05  1.929E+05  1.156E+05  7.036E+04  4.283E+04  2.330E+04  1.267E+04  6.558E+03  3.393E+03  1.557E+03  7.146E+02  1.211E+02  1.583E+01  1.727E+00  0.000E+00
4.0  4.391E+07  2.642E+07  1.742E+07  1.259E+07  9.099E+06  7.156E+06  5.628E+06  4.566E+06  3.821E+06  3.198E+06  2.262E+06  1.600E+06  1.050E+06  6.885E+05  4.656E+05  3.148E+05  1.835E+05  1.070E+05  6.538E+04  3.995E+04  2.143E+04  1.150E+04  5.869E+03  2.996E+03  1.351E+03  6.094E+02  9.489E+01  1.048E+01  0.000E+00  0.000E+00
4.1  4.587E+07  2.784E+07  1.842E+07  1.328E+07  9.581E+06  7.579E+06  5.996E+06  4.884E+06  4.097E+06  3.436E+06  2.345E+06  1.600E+06  1.022E+06  6.531E+05  4.321E+05  2.859E+05  1.701E+05  1.013E+05  6.085E+04  3.657E+04  1.959E+04  1.050E+04  5.305E+03  2.681E+03  1.178E+03  5.173E+02  7.414E+01  7.235E+00  0.000E+00  0.000E+00
4.2  4.793E+07  2.935E+07  1.949E+07  1.402E+07  1.009E+07  8.029E+06  6.390E+06  5.226E+06  4.393E+06  3.693E+06  2.431E+06  1.600E+06  9.955E+05  6.194E+05  4.009E+05  2.595E+05  1.577E+05  9.582E+04  5.661E+04  3.345E+04  1.790E+04  9.582E+03  4.794E+03  2.398E+03  1.026E+03  4.388E+02  5.786E+01  4.988E+00  0.000E+00  0.000E+00
4.3  4.942E+07  3.029E+07  2.016E+07  1.457E+07  1.053E+07  8.321E+06  6.574E+06  5.353E+06  4.491E+06  3.769E+06  2.408E+06  1.538E+06  9.558E+05  5.941E+05  3.765E+05  2.386E+05  1.445E+05  8.744E+04  5.146E+04  3.029E+04  1.627E+04  8.744E+03  4.318E+03  2.132E+03  8.898E+02  3.713E+02  4.492E+01  3.340E+00  0.000E+00  0.000E+00
4.4  5.094E+07  3.125E+07  2.085E+07  1.514E+07  1.099E+07  8.622E+06  6.763E+06  5.482E+06  4.591E+06  3.845E+06  2.384E+06  1.478E+06  9.178E+05  5.697E+05  3.537E+05  2.196E+05  1.324E+05  7.984E+04  4.680E+04  2.743E+04  1.480E+04  7.982E+03  3.891E+03  1.897E+03  7.722E+02  3.143E+02  3.491E+01  2.240E+00  0.000E+00  0.000E+00
4.5  5.198E+07  3.188E+07  2.123E+07  1.534E+07  1.109E+07  8.785E+06  6.959E+06  5.616E+06  4.616E+06  3.794E+06  2.303E+06  1.398E+06  8.524E+05  5.198E+05  3.223E+05  1.999E+05  1.224E+05  7.499E+04  4.327E+04  2.497E+04  1.331E+04  7.089E+03  3.440E+03  1.670E+03  6.647E+02  2.646E+02  2.645E+01  1.448E+00  0.000E+00  0.000E+00
4.6  5.292E+07  3.334E+07  2.228E+07  1.579E+07  1.119E+07  8.714E+06  6.786E+06  5.452E+06  4.517E+06  3.743E+06  2.222E+06  1.319E+06  7.950E+05  4.794E+05  2.936E+05  1.798E+05  1.097E+05  6.686E+04  3.920E+04  2.298E+04  1.222E+04  6.494E+03  3.109E+03  1.489E+03  5.782E+02  2.245E+02  2.047E+01  0.000E+00  0.000E+00  0.000E+00
4.7  5.340E+07  3.345E+07  2.223E+07  1.566E+07  1.104E+07  8.528E+06  6.588E+06  5.247E+06  4.309E+06  3.539E+06  2.064E+06  1.204E+06  7.258E+05  4.376E+05  2.611E+05  1.557E+05  9.625E+04  5.949E+04  3.501E+04  2.060E+04  1.089E+04  5.751E+03  2.760E+03  1.325E+03  4.968E+02  1.863E+02  1.567E+01  0.000E+00  0.000E+00  0.000E+00
4.8  5.388E+07  3.355E+07  2.216E+07  1.554E+07  1.089E+07  8.344E+06  6.393E+06  5.048E+06  4.109E+06  3.344E+06  1.917E+06  1.099E+06  6.623E+05  3.994E+05  2.320E+05  1.348E+05  8.445E+04  5.289E+04  3.125E+04  1.847E+04  9.696E+03  5.091E+03  2.449E+03  1.178E+03  4.265E+02  1.544E+02  1.197E+01  0.000E+00  0.000E+00  0.000E+00
4.9  5.388E+07  3.290E+07  2.157E+07  1.518E+07  1.069E+07  7.998E+06  5.987E+06  4.661E+06  3.775E+06  3.057E+06  1.743E+06  9.942E+05  6.004E+05  3.626E+05  2.148E+05  1.272E+05  7.742E+04  4.712E+04  2.776E+04  1.636E+04  8.643E+03  4.566E+03  2.174E+03  1.035E+03  3.629E+02  1.272E+02  9.147E+00  0.000E+00  0.000E+00  0.000E+00
5.0  5.388E+07  3.227E+07  2.099E+07  1.484E+07  1.048E+07  7.666E+06  5.606E+06  4.303E+06  3.468E+06  2.794E+06  1.586E+06  8.997E+05  5.443E+05  3.293E+05  1.988E+05  1.200E+05  7.097E+04  4.198E+04  2.467E+04  1.449E+04  7.704E+03  4.095E+03  1.930E+03  9.099E+02  3.087E+02  1.047E+02  6.988E+00  0.000E+00  0.000E+00  0.000E+00
5.1  5.264E+07  3.139E+07  2.025E+07  1.415E+07  9.882E+06  7.173E+06  5.207E+06  3.970E+06  3.178E+06  2.545E+06  1.438E+06  8.124E+05  4.883E+05  2.935E+05  1.763E+05  1.058E+05  6.278E+04  3.724E+04  2.176E+04  1.271E+04  6.766E+03  3.602E+03  1.705E+03  8.074E+02  2.655E+02  8.730E+01  4.654E+00  0.000E+00  0.000E+00  0.000E+00
5.2  5.143E+07  3.052E+07  1.954E+07  1.349E+07  9.313E+06  6.710E+06  4.835E+06  3.661E+06  2.912E+06  2.317E+06  1.303E+06  7.332E+05  4.379E+05  2.615E+05  1.562E+05  9.332E+04  5.550E+04  3.301E+04  1.918E+04  1.114E+04  5.939E+03  3.166E+03  1.506E+03  7.160E+02  2.282E+02  7.269E+01  3.093E+00  0.000E+00  0.000E+00  0.000E+00
5.3  5.023E+07  2.968E+07  1.884E+07  1.286E+07  8.773E+06  6.275E+06  4.488E+06  3.374E+06  2.667E+06  2.108E+06  1.181E+06  6.615E+05  3.924E+05  2.328E+05  1.384E+05  8.223E+04  4.904E+04  2.924E+04  1.689E+04  9.760E+03  5.210E+03  2.781E+03  1.328E+03  6.347E+02  1.959E+02  6.047E+01  2.052E+00  0.000E+00  0.000E+00  0.000E+00
5.4  4.907E+07  2.886E+07  1.818E+07  1.226E+07  8.268E+06  5.870E+06  4.168E+06  3.112E+06  2.443E+06  1.919E+06  1.070E+06  5.970E+05  3.519E+05  2.074E+05  1.226E+05  7.250E+04  4.335E+04  2.592E+04  1.489E+04  8.555E+03  4.573E+03  2.444E+03  1.173E+03  5.628E+02  1.684E+02  5.036E+01  1.364E+00  0.000E+00  0.000E+00  0.000E+00
5.5  4.794E+07  2.807E+07  1.754E+07  1.169E+07  7.791E+06  5.491E+06  3.870E+06  2.870E+06  2.239E+06  1.747E+06  9.701E+05  5.388E+05  3.155E+05  1.848E+05  1.087E+05  6.392E+04  3.833E+04  2.298E+04  1.313E+04  7.499E+03  4.013E+03  2.148E+03  1.035E+03  4.992E+02  1.447E+02  4.193E+01  0.000E+00  0.000E+00  0.000E+00  0.000E+00
5.6  4.690E+07  2.697E+07  1.660E+07  1.094E+07  7.214E+06  5.044E+06  3.527E+06  2.597E+06  2.014E+06  1.562E+06  8.610E+05  4.745E+05  2.782E+05  1.631E+05  9.470E+04  5.497E+04  3.306E+04  1.988E+04  1.135E+04  6.478E+03  3.473E+03  1.862E+03  9.017E+02  4.366E+02  1.229E+02  3.461E+01  0.000E+00  0.000E+00  0.000E+00  0.000E+00
5.7  4.587E+07  2.590E+07  1.571E+07  1.024E+07  6.677E+06  4.632E+06  3.213E+06  2.350E+06  1.812E+06  1.397E+06  7.638E+05  4.176E+05  2.452E+05  1.440E+05  8.247E+04  4.724E+04  2.849E+04  1.718E+04  9.802E+03  5.592E+03  3.004E+03  1.613E+03  7.847E+02  3.817E+02  1.044E+02  2.854E+01  0.000E+00  0.000E+00  0.000E+00  0.000E+00
